1000
0
-4
4
-6
7
2057
-11
12
-15
17
19
-21
-23
22
2070
24
-27
26
-29
28
2076
-32
31
2079
33
-36
2084
-38
37
39
-41
2088
2091
-46
45
2097
2102
-57
2105
58
-61
60
62
-65
2112
-67
2115
68
70
-73
73
2123
77
-80
80
2128
-82
83
2132
85
-87
87
-90
89
2139
92
-94
94
2143
96
98
2147
-101
100
102
2152
-106
106
108
2158
111
113
-117
116
119
2169
123
125
2174
127
-130
2177
133
2182
-137
136
139
2187
-141
142
146
2196
149
-152
154
2202
-159
158
161
163
165
-168
167
-170
169
171
2219
173
-175
2222
175
177
179
181
184
-187
186
2235
-190
189
2237
191
193
2242
-198
197
200
2249
-204
203
205
207
209
-211
2258
211
215
2264
217
219
-222
2270
223
227
-229
229
233
235
-238
237
240
242
244
-247
246
248
-251
250
2298
253
2304
257
259
262
264
-267
266
-269
270
272
274
-277
276
2324
278
-280
282
284
286
288
291
294
296
299
-302
301
303
305
307
310
313
315
-319
318
2366
321
325
328
330
2379
332
334
336
338
340
342
344
-347
346
348
351
356
358
360
362
2410
-365
365
2413
367
369
-371
371
373
2421
375
377
379
381
383
385
387
390
393
396
398
-402
401
403
405
407
409
412
414
416
418
420
425
2473
428
430
432
434
437
439
441
443
445
-448
447
449
-451
451
454
456
458
2506
460
462
464
466
469
471
473
475
477
479
481
483
485
487
489
491
493
496
498
501
503
505
507
-510
509
511
513
-515
515
2564
517
519
522
524
526
528
530
532
535
537
539
541
543
545
547
-549
549
551
554
556
558
-560
560
562
564
566
568
570
572
-575
574
576
578
580
582
584
586
588
590
592
594
596
598
600
602
605
607
2656
609
611
613
615
617
619
621
623
625
627
629
631
633
635
637
639
641
643
645
647
649
651
653
655
657
659
661
663
665
667
669
672
674
676
678
680
682
684
687
689
691
693
695
697
699
701
703
705
707
2756
709
711
713
715
717
719
721
723
725
727
729
731
733
735
737
739
741
743
745
747
749
751
753
755
757
759
761
763
765
767
769
771
773
775
777
779
781
783
785
787
789
791
793
795
797
799
801
803
805
808
810
812
814
816
818
-820
820
822
824
827
829
831
833
836
838
840
842
844
846
848
850
852
854
856
858
860
862
864
866
868
870
872
874
877
879
881
883
885
887
889
891
893
895
897
899
901
903
905
907
909
911
913
915
917
919
921
923
925
927
929
931
933
935
937
939
941
943
945
947
949
951
953
955
957
959
961
963
965
967
969
971
973
975
977
980
982
984
986
988
990
992
994
996
998
1000
1002
1004
1006
1008
1010
1012
1014
1016
1018
1020
1022
1024
1026
1028
1031
1033
1035
1037
1039
1041
1043
1045
1048
1050
1052
1054
1056
1058
1060
1062
1064
1066
1068
1070
1072
1074
1076
1078
1080
1082
1084
1086
1088
1090
1092
1094
1096
1098
1100
1102
1104
1106
1108
1110
1112
1114
1116
1118
1120
1122
1124
1126
1128
1130
1132
1134
1136
1138
1140
1142
1144
1146
1148
1150
1152
1154
1156
1158
1160
1162
1164
1166
1168
1170
1172
1174
1176
1178
1180
1182
1184
1186
1188
1190
1192
1194
1196
1199
1201
1203
1205
1207
1209
1211
1213
1215
1217
1220
1222
1224
1226
1228
1230
1232
1234
1236
1239
1241
1243
1245
1247
1249
1251
1253
1255
1257
1259
1261
1263
1265
1267
1269
1271
1273
1275
1278
1280
1282
1284
1286
1288
1290
1292
1294
1296
1298
1300
1302
1304
1306
1308
1310
1312
1314
1316
1318
1320
1322
1324
1326
1328
1330
1332
1334
1336
1338
1340
1342
1344
1346
1349
1351
1353
1355
1357
1359
1361
1363
1365
1367
1369
1371
1373
1375
1377
1379
1381
1383
1385
1387
1389
1391
1393
1395
1397
1399
1401
1403
1405
1407
1409
1411
1413
1415
1417
1419
1421
1423
1425
1427
1429
1431
1433
1435
1437
1439
1441
1443
1445
1447
1449
1451
1453
1455
1457
1459
1461
1463
1465
1467
1469
1471
1473
1475
1478
1480
1482
1484
1486
1488
1490
1492
1494
1496
1498
1500
1503
1505
1508
1510
1512
1514
1517
1520
1522
1525
1527
1529
1531
1533
1535
1538
1540
1542
1544
1546
1548
1550
1552
1554
1556
1559
1561
1563
1565
1567
1569
1571
1573
1575
1579
1582
1584
1586
1588
1590
1592
1594
1596
1598
1600
1602
1604
1607
1609
1611
1613
1615
1617
1619
1621
1623
1625
1627
1629
1631
1634
1636
1638
1640
1643
1645
1647
1649
1651
1653
1655
1657
1659
1661
1664
1666
1668
1672
1674
1678
1680
1683
1685
1687
1690
1692
1696
1698
1701
1703
1705
1707
1711
1715
1717
1721
1723
1725
1727
1729
1731
1734
1736
1738
1740
1742
1744
1747
1750
1753
1755
1757
1760
1763
1765
1768
1770
1772
1774
1776
1779
1781
1784
1786
1789
1792
1796
1802
1804
1806
1809
1812
1815
1817
1819
1821
1824
1826
1829
1832
1834
1837
1840
1843
1847
1851
1854
1856
1858
1861
1865
1867
1869
1874
1877
1881
1883
1887
1890
1893
1895
1898
1902
1904
1907
1911
1914
1918
1921
1923
1926
1929
1932
1935
1938
1940
1943
1947
1952
1954
1959
1961
1963
1965
1971
1975
1978
1982
1985
1988
1992
1996
2001
2008
2015
2018
2023
2026
2029
2032
2036
2038
2042
2045
