10000
-1
1
16386
-6
5
16390
32775
16392
9
-11
16394
-14
13
-16
16399
16401
18
-20
16403
20
16407
-25
26
-28
29
-31
16414
-33
16416
16418
35
32803
-37
16420
-40
16424
-42
-46
45
16429
32814
-48
47
16432
16434
-52
-56
55
16439
32824
58
16443
-61
60
16446
63
16448
67
16451
32836
-71
16454
72
16457
74
-76
16461
78
-81
81
16466
32851
16468
85
-88
87
16471
16473
-91
32858
-94
93
16477
16480
-98
16483
16485
-103
102
32870
16487
104
32873
106
16490
-109
16492
-111
16494
111
-113
113
16499
-117
32884
117
16501
-121
121
16505
-123
16507
-127
128
16512
-131
131
16515
-133
134
16518
-137
136
-139
16522
139
16524
16526
144
-16531
-147
16531
148
-150
16533
152
16536
-155
32922
155
16540
-16542
-159
158
16542
32927
161
-163
-166
165
16549
-168
167
32935
16553
170
-173
172
16557
-176
16560
-181
180
16564
182
-184
16568
32955
-189
188
16572
16574
-192
191
16576
-194
16578
-198
16581
198
200
16584
-202
202
-206
16589
206
-208
16591
-210
209
16594
211
-213
16596
215
16599
-218
16603
220
-223
223
16607
-226
225
16611
16613
-231
16615
-234
235
33004
16622
240
-16627
243
16627
245
-247
16630
248
16632
-251
251
16638
255
33023
257
16641
-259
16643
260
33029
-263
262
-267
16651
269
-271
-273
272
16656
16658
-278
16661
278
280
16664
16667
-285
-287
286
16670
16673
-292
291
-294
16677
16680
297
-16683
-299
299
16684
16687
304
16689
33073
16691
-309
-16696
-312
311
16696
314
-317
316
16700
-16704
-322
321
323
16707
-327
329
-332
16715
333
16718
-336
16720
-16723
338
16723
-342
342
16728
-347
346
16731
349
-351
16734
-353
352
16737
33121
355
16741
358
16743
-361
16748
-368
368
16752
370
16756
-374
373
-377
377
16763
-381
381
-384
384
16769
386
389
16773
33158
-392
16776
393
-16780
-396
16779
396
-401
402
-404
404
-406
16789
406
409
16795
-414
16798
-417
417
16801
-419
-421
421
16805
-424
423
16807
426
-428
428
16812
-430
431
16816
-16819
-435
16818
435
16820
-438
-442
16825
-444
443
445
16829
447
-450
16833
451
16837
-455
456
-458
458
16842
-461
460
33228
-463
462
16846
464
466
16851
469
16853
-472
471
16856
-476
475
-479
16862
-482
481
16865
16869
-488
487
16871
490
-494
493
16877
-497
16880
497
16882
499
33267
-501
-504
503
-506
16889
507
-509
510
16894
-512
-516
16900
519
-523
523
16907
16911
16914
531
-534
-536
535
16920
-538
537
16922
-541
540
16924
-543
542
544
16929
546
-548
16931
33315
550
16934
-552
552
16938
-556
555
16940
-558
16942
560
-563
563
16947
565
16949
-568
567
-570
569
-573
16956
33341
574
16958
576
-578
579
16963
-582
581
16966
583
-585
-587
587
-589
16972
16976
-595
594
597
16981
-599
599
16983
33370
-605
16988
606
16991
-610
610
16994
-612
-614
16998
615
17000
-618
618
17002
-620
621
-623
623
17010
-628
627
33397
631
17016
17019
-638
638
640
17024
-642
644
17028
-646
33413
17030
648
17032
-650
650
33418
17036
-654
-656
655
17039
17041
-659
658
33427
-662
661
17045
17048
-666
665
17050
-669
669
-671
-673
17056
-676
675
17059
-678
677
17062
679
683
17067
685
17069
687
17073
-17075
690
-693
694
17078
33462
17080
-699
698
-701
17086
703
-706
705
17089
-709
710
-712
17095
-714
714
17098
-717
17100
-720
720
17104
17106
-725
-727
726
17111
-729
729
-17117
732
17117
-735
17121
-739
741
-743
743
17128
-749
17133
-752
17135
753
17137
17139
-757
757
17141
759
17144
-762
761
-765
765
17150
767
-770
17153
770
17157
-775
774
-777
17160
777
33545
-779
17163
-781
782
-17168
17167
-786
785
17170
-789
17172
790
-792
17175
17177
-797
17180
798
17183
801
17186
-804
-806
33573
17190
807
-810
17193
810
17195
-814
814
17198
-817
816
17200
818
17203
-821
823
17208
826
17210
-829
828
17212
-831
-834
834
17218
-837
836
17220
-839
17222
839
17225
-843
17227
845
-848
17231
849
-851
17234
-853
17236
33621
854
-857
17240
17243
860
-864
866
17250
-868
868
17252
-872
871
17255
873
17257
17259
877
-17263
879
17263
33647
-882
17265
883
-886
17272
-894
893
17277
17279
-897
896
17281
-17283
17283
17285
902
-904
904
-907
17290
17292
-910
909
-912
-914
17297
914
-917
17302
-920
920
-923
924
17308
-926
927
17311
-929
17313
-932
931
17315
17317
33701
-938
937
939
17324
-944
17327
-946
945
17330
-949
950
33718
-952
953
955
17340
-958
17343
960
962
17346
-965
17349
33735
-969
968
17353
-971
970
972
-974
17357
975
-978
17361
980
-982
982
-985
17368
985
-987
17370
33756
-991
990
17375
992
-994
996
17380
998
17382
-1002
1001
17385
33770
17387
1004
17389
-1009
17392
1011
-1013
17396
1013
17398
17401
-1019
1018
1021
17405
1023
17407
-1025
17410
33795
1028
-1030
17413
-1033
1032
17417
-1036
17419
-1038
17421
1038
-1041
17424
1041
17426
-1044
1044
17429
1047
-1050
17433
1051
17437
-1055
-17440
-1057
1057
17441
17443
-1061
33831
-1065
17448
1065
1067
17452
33836
-1070
17454
-17458
-1074
17457
1074
17460
1078
17463
-1082
1081
-1084
17467
17469
-1087
1086
1088
17473
-1092
1091
1094
1096
-1098
17482
1100
-1102
17486
-1104
-1106
1105
-1108
17491
1108
17493
1111
17496
1113
-1116
17499
-17502
-1118
1118
17502
17504
-1124
17507
1124
17509
1128
17512
-1130
1131
17516
1133
-1136
1135
17520
-1138
1137
1139
17524
-1142
17526
1143
-1145
17528
1147
17531
-1149
33917
-1152
1152
17536
1154
17538
17540
1157
-1159
17542
1159
17545
33929
1162
-1164
17547
-1167
1167
17553
-1171
17555
-1173
1172
17559
-1177
1177
1179
17563
1181
17565
-1184
33952
1185
1188
-1190
17573
1190
17575
-1193
17577
1194
-1196
17580
1197
17584
17589
1206
-1209
1208
17592
-17594
17594
-1213
1212
17596
-1215
17598
1215
-1218
17601
-1222
1221
17606
-1225
17609
1226
33995
-1230
1230
17614
1232
17617
-1236
1235
34004
17621
1238
-1241
17625
1242
-1244
17628
-1246
17630
-1248
17633
1250
17636
-1254
17638
1255
17642
1259
-1262
-1264
1264
34032
17649
1267
17652
-1270
1269
1272
1274
17658
1277
17662
-1282
1281
17665
34050
-1284
1284
17668
17670
-1288
1288
17672
-1291
1290
17676
1293
17678
-1296
17680
1297
-1299
1299
17684
-1303
1302
-1305
17688
17690
-1312
1311
17696
-1314
-1316
1315
17700
-1319
17702
-1322
1321
1324
17708
-17711
-1327
1326
17711
-1331
17714
1332
1334
17719
17721
1338
17723
1340
17725
1343
34111
17728
-1346
1346
17730
-1349
1348
17735
17737
-1356
1355
-1358
1358
17743
1361
-1363
17746
1363
-1366
-1368
1367
17751
-1370
17753
-1372
1371
-1374
1374
17758
17760
-1382
17766
1383
17769
1386
17771
-1390
1389
17774
-1392
1392
17778
17780
1397
-1400
17783
1400
-1402
17788
-1407
1407
17791
17793
-1411
1410
17795
1412
-1414
1414
17798
-1417
17800
1418
-1420
-1422
1422
17807
-1425
1425
-1429
17812
1429
34197
-1431
-1433
17816
-1435
17818
-1437
1437
17821
-1439
-1442
1441
1443
-1445
1445
-1447
-1449
1449
17833
17835
1453
17837
-1455
34222
17840
-1459
34226
17844
17846
-1465
17848
1466
17850
-1469
17852
17855
1472
17857
1475
17860
1478
17863
1480
1482
17866
-1485
1484
17869
-1488
1488
-1490
17873
-1492
1491
17876
-1495
-1498
17881
1499
17883
-1502
1504
17888
-1508
1507
17891
1510
1513
1515
17900
1519
17903
-1521
1521
-1524
-1526
1525
17909
1528
17912
1530
-1532
17915
17917
1534
17919
1536
-1538
17922
34306
17924
-1542
1541
-1544
17927
1544
-1546
17930
-1548
17933
1550
-17937
-1553
1552
17936
1554
-1556
1556
-1558
17941
1558
34326
-1560
17944
1561
1564
17948
-1567
17950
1568
-1570
17953
1570
-1573
17956
1573
-1575
17958
1575
1577
1581
17965
-1583
1583
1585
17969
-1587
1587
-1590
1590
1592
17976
17978
-1596
1597
17981
17983
1600
17987
1604
-1606
1606
-1609
1608
17992
34377
1610
17995
-1613
-1616
1617
18001
-1619
-1621
18004
-1623
1624
18008
1626
18010
-1628
18012
-1631
18014
1631
18017
1634
-1638
18022
1639
-1641
1641
18026
1643
1645
18029
34413
-1647
1647
1649
18034
-1652
1652
18036
-1657
18040
1657
18044
1661
-1663
18048
-18051
-1669
18052
1669
1672
18056
1674
18058
-1677
1677
18061
-1679
-1681
18064
-18066
1681
18066
1683
18068
34452
-1687
18070
1688
18073
1690
1693
-1695
18078
1696
18080
-1698
1701
18087
-1705
1706
18090
-1708
1708
18092
1710
-1713
18096
1713
1716
18100
-1718
1719
18103
-1723
1722
1725
-1727
-1730
18113
1731
-1733
34500
18117
1735
18119
18121
1738
-1740
34507
1742
1744
18128
-18130
18130
1748
18133
-1752
1751
18136
1753
-1756
18140
-1758
1758
18142
-1762
1762
18148
-1766
1766
18150
1768
-1772
1771
1774
18158
18160
-1778
34545
18162
1779
1784
1786
18170
-1789
1788
18173
-1791
1790
1793
18178
18180
-1798
1798
18183
-1801
1800
18185
1803
18188
1805
-1807
18191
-1810
1809
18193
1813
-1816
1815
18200
-18202
1817
18202
-1820
1820
-1823
18206
-1827
1826
-1829
18212
1832
1834
-1836
18220
1837
1840
-1842
18225
1843
18229
-1847
1846
34615
1849
18235
-1854
1853
18239
34626
-1860
18243
1861
18245
-1863
-1865
18249
1866
1869
18253
-1871
-18256
1872
18257
-1875
1875
18261
1878
-1882
1881
18266
18268
1885
18270
18272
-1890
1889
-1894
18277
-1896
1895
18281
-1899
1898
-1901
1900
18285
-1904
1905
18289
34677
1910
-1912
18295
1912
-1915
18299
1916
-1920
1919
18303
-1922
1921
18305
-1924
1923
18307
18310
1927
-1929
18313
-1931
1930
-1934
18317
-1938
18321
-18324
-1941
18324
1941
18327
-1945
1944
18329
-1948
1948
18334
-1952
34719
18336
1953
18338
-1957
1957
18341
1959
18344
-1963
1963
18349
1966
-1968
18353
-1972
1971
34739
1974
-1976
18359
18361
18364
34749
1982
18366
18369
18371
-1990
18374
1991
18376
-1994
1995
18381
-2000
2001
18385
-2003
18387
2004
-2006
2006
-2008
2008
18393
2010
2012
18398
2015
-2017
18400
18402
-2020
18405
34791
2024
18408
-2026
2026
18410
2028
18414
34798
2032
18417
18419
-2037
2036
-2039
2038
2041
18425
-2045
18428
2045
2047
18431
18433
-2052
2052
-2055
2054
18438
-18441
34824
-2061
18445
2062
18448
18450
2067
-2069
2070
-2072
18456
2073
-2076
18459
2076
18461
-2079
2078
18463
34849
2082
18466
2084
18468
-2086
2086
18470
2088
-2090
18473
-2093
18476
34860
2093
18478
-2097
2096
18485
-2103
18488
-2107
2106
18492
-2110
2110
18494
-2115
2114
18499
2117
-2119
18503
-2122
2122
18506
-2124
-2127
18510
2127
2130
-2132
2132
18517
-2135
2135
-2137
2137
18521
2139
-2144
2143
18528
2145
2147
-2149
-2151
18536
-2154
2153
18539
2156
-2158
18543
2161
18546
2163
18551
-2169
2169
-2171
18555
2172
34940
18558
2175
18562
2179
-2181
-2183
18566
2184
18569
2186
-2188
18572
18574
-2192
2191
18576
2193
18579
-2198
18581
2198
-2200
18584
2203
-18590
-2207
2208
-2210
18593
-2213
2212
34981
18598
-2219
18602
2221
18606
-2224
2226
-2228
-2230
18613
2231
-2233
18617
35001
2234
2236
18620
18624
2241
18627
-2245
2244
18630
2248
-2251
2250
18634
-2253
2253
18638
-2256
-2258
2257
2260
18645
2262
2264
18648
-2266
2266
18651
2268
2270
18656
-2274
2273
18658
-2277
2276
18660
-18662
2278
-2281
2280
18665
2282
18668
35053
18670
2287
-2290
18675
2295
18679
2297
18682
-2300
2299
18684
-2303
2302
-2306
2307
18692
-2311
2310
18695
35080
2313
2315
18699
-2318
-18703
2319
-2321
2322
18706
-2325
2324
18709
2327
18711
-2329
18715
-2334
2333
18717
2335
18719
-18724
-2340
18723
2340
18725
2342
-2344
18729
-2347
2346
35114
18732
-2352
18736
2353
-2355
2355
18739
2358
18744
2361
-2363
18746
2364
-2367
2366
2368
18753
-2372
2371
18756
2374
18759
2377
-2380
2379
18764
35148
2381
18766
-2385
2384
18768
18771
2388
-2391
2390
18775
2392
18777
2394
2396
18780
2398
18782
-2400
2402
2404
18789
2408
18792
-2410
2410
2412
18796
-2414
2414
18800
2417
18804
2421
2424
18808
-2427
2426
18811
2428
2431
2433
18817
2435
18819
-2438
2438
18822
-2441
18824
-2445
2444
18828
-2448
2447
18832
2449
-2451
2451
18837
-2455
2454
35222
-2457
2457
-2461
2460
18844
2462
18846
35230
-2466
2465
18849
2467
2469
18853
-2472
2471
18856
2474
18859
35244
-2478
2477
18862
-2480
2480
-2483
2483
18867
2485
-2487
2488
18873
-2491
2492
18877
2494
18881
2499
-2501
18884
18886
2504
-2506
18889
18891
2508
-2510
18893
2510
-2513
2513
18897
2515
18900
35284
-2520
2520
2523
18908
-2527
2527
18911
-2530
2529
-2536
2535
-2539
2538
18923
2540
35309
18927
-2545
2544
18931
2548
-2550
2550
18934
-2553
2554
18938
-2556
-2558
2558
-2560
18943
-2562
2563
18947
-2565
18949
18951
2568
-2570
35338
-2572
18956
2573
18958
2576
-2579
18963
-2581
2582
-2585
18968
-2587
2586
2588
18973
-2592
2591
18975
2593
-2596
2595
2598
18983
2600
-2603
2603
18987
2605
2607
-2610
18993
2611
18995
18997
18999
2616
-2618
19002
2619
-2622
2624
19009
2626
-2628
19012
-2631
2630
19014
2632
2636
19020
-2639
2638
19024
19027
2644
2646
-2650
2649
19034
2652
19036
-2654
2655
19040
-2658
19042
2660
19044
-2662
35430
19048
-2666
2665
19052
-2672
2671
2673
19058
-2679
19062
2679
19065
2682
19067
2684
19069
-2687
19071
2689
2691
19076
2693
19079
2697
-2700
2700
19085
-2703
2704
19088
-19090
-2706
19091
2708
-2712
19095
2712
19097
19099
2716
-2718
-2723
2722
19106
2728
2731
35499
-2733
19116
2733
19119
2736
2738
19124
2741
2743
19127
-2745
2745
19130
2747
-2749
19133
-2751
2750
19136
2754
-2757
2756
19142
2759
2761
19145
19149
-2767
2766
2768
19152
-2771
2770
19155
2773
19157
2775
-2777
19160
19162
2780
19165
2782
19167
-2785
2786
19170
-2788
2788
2790
2793
19177
2795
-2799
19182
2799
-2802
2801
19186
-2805
2804
19188
35575
-2809
2809
19194
-2813
2812
-2815
19198
2815
-2818
19202
-2821
2820
19204
-2823
19206
2823
19208
-2826
2826
-2828
19213
2830
19215
2832
19217
-2835
2834
2837
2840
19224
-2842
19226
-2847
2848
-2850
19233
19235
-2854
2854
19238
-2859
19242
2859
-2863
19246
-19248
2864
2867
19251
-2870
2870
19255
-2873
2872
-2875
19258
2875
2877
19262
2879
-2882
2881
19266
-2885
2884
2888
19272
19274
2893
19278
35662
19280
2898
19282
2900
2902
19286
-2904
19288
2905
19291
2909
19293
19295
-2915
2915
19300
2917
-2919
19304
-2922
2922
2925
19310
-2929
2929
19313
2933
-2935
2935
-2937
19320
2937
19322
-19324
2941
-2943
2944
-2946
19330
2947
2949
-2951
2952
19338
2955
-2957
2959
-2962
2961
19346
-2965
2964
19351
-2969
2968
19353
2970
-2974
2973
2975
-2978
2978
19362
-2981
2980
35748
19365
2984
-2986
2986
19370
35754
2988
2991
19375
35759
19377
2994
2996
19380
2998
-3002
19385
3004
19389
3007
19391
-3009
3013
19397
3015
-3017
19400
3017
-3020
3020
19405
3022
19407
-3025
3027
19411
-3029
3029
-3031
19414
3031
3033
-3038
19421
3040
19424
-3044
35811
3044
-3046
19431
3048
-3051
3050
19435
3052
3054
3056
19440
-3060
19443
3060
19445
3062
3064
-3066
3067
19451
-3069
19454
3071
19457
3075
-3077
19460
-3079
3078
19466
-3085
3084
19470
-3088
3087
19472
3089
3091
19475
-3094
19480
3098
19482
-3100
3100
19485
-3104
3105
19489
-3110
3109
19493
-3112
3112
19496
-3117
19500
35884
-3119
3119
19503
-3123
19507
3124
19513
3130
-3133
-19518
3134
19518
3136
35904
-3140
19523
-3145
3144
3146
3148
19532
-3150
3150
19534
3152
19536
3154
19538
3156
-3160
3159
3162
19546
-3164
3165
3168
-3171
19554
3172
19557
3174
-3178
19562
3180
19564
19568
-3187
3186
19573
3190
3193
19577
-3195
3195
19580
35965
3198
19584
3201
-3203
3204
19589
-3208
3207
19591
19593
3212
-3215
19601
-3220
19605
-3224
3223
19607
19612
-3230
3229
-3232
3231
19615
3233
36001
19619
-3238
3237
19622
3239
3242
3245
19629
-3247
3248
19632
19635
3252
19641
-3259
3258
36026
-3261
19644
-3263
3263
19648
3265
-3267
3267
19654
3271
-3273
19656
-3275
3274
3277
19661
-3280
3279
19665
3282
-3286
19669
3286
-3289
3288
19673
3290
-3294
3293
19677
3295
3299
19683
-3304
19687
3304
3306
19690
-3308
-19694
-3310
19694
3311
3313
-3315
19699
3317
-3319
19704
3323
19707
19713
3330
-3333
3332
19716
3334
19718
36103
3336
-3338
3338
19722
19725
-3343
3343
36112
-3346
3345
-3349
3349
19733
3351
19736
-3356
19739
3357
-3360
3359
19743
19745
-3365
19748
3365
19750
3367
36136
3369
-3371
19754
3372
19756
3375
19760
3377
19762
-3381
3381
-3383
-3385
3384
3387
19771
3389
-3392
3391
19776
19778
3395
-3397
3398
-3400
19783
-3403
3402
3404
19788
-3406
19790
3407
3410
19794
3412
-19798
-3415
19798
3415
19801
-3419
3419
19803
-3423
3423
3425
3427
19811
-3429
3431
19816
3433
-3436
3435
19819
3437
-3439
3440
19824
-3442
3444
3446
36214
19831
-3450
3449
3451
19836
3454
-3456
19839
3456
19843
3461
19848
3465
-3468
3467
19851
-3470
3469
19856
3473
19858
3476
19860
36244
-3479
19862
3479
-3482
19865
3484
-3486
19869
3488
-3491
3490
19874
19876
3494
-3497
3498
3500
-3502
19885
-3504
3504
-3506
19892
3509
-3514
3513
19897
19901
19903
-3521
3521
-3524
3524
19908
19910
3527
3530
-3532
3532
19916
3536
36304
-3539
3539
19923
3543
19927
-3548
19931
3548
19934
3552
19936
-19939
19938
-3556
3556
19940
3559
19944
3562
19947
-3565
3566
19951
-3569
3569
19953
19955
3572
-3575
3576
-3578
19961
-3580
3580
19964
-3584
3584
19970
-3588
3587
3590
19974
3593
-19980
19981
3598
-3600
19984
3601
19986
-3604
3606
19990
-3608
3609
3611
19996
3614
36382
-3617
3616
20001
3619
3622
20006
20008
-3626
3625
3627
20012
3629
20016
3633
-3635
20019
3637
-3640
20024
-3642
3641
20026
3643
3645
-3647
3647
20031
-3651
3650
20036
3653
36423
-3658
20041
3659
20043
-3661
3662
3664
-3666
3666
20052
3669
-3671
3671
20055
3673
20060
-3678
3677
36445
3680
3682
20066
-3687
3686
20071
3688
20073
-3691
3691
20076
20078
36462
3696
20081
3700
-3703
3703
20088
3705
-3708
20092
3709
20095
-3713
3712
20098
3717
3719
-3721
20104
3723
-3725
20108
3726
20111
3729
20114
3733
20117
-3736
3736
20121
20123
-3741
3740
3742
20126
-3745
20130
3748
20132
-3750
-3752
3751
20136
-3755
3754
3756
20141
-3759
3759
20144
-3762
3761
3763
-3769
3768
20153
3770
-3773
3773
20158
3775
3777
-3779
20162
3780
3782
20167
3784
20169
20171
-3789
3789
36559
20176
3793
20178
-3796
3795
3797
20182
36568
3801
20186
-3805
3806
20190
-3810
3810
20194
3812
20197
3816
20201
3818
-3820
3821
20206
3823
36592
3826
20210
-3831
3830
20215
3834
20220
3837
3841
20225
-3843
-3846
3846
20230
-3849
3848
20234
3851
-3854
20237
36622
20240
3860
-3863
3862
20247
3864
20250
3868
-3870
3871
-3873
20256
3873
20259
3877
-3879
20263
3881
20265
-3883
3884
3886
-3889
3890
20274
3892
20277
3895
20279
20282
3900
-3903
3903
20287
-3907
3907
20291
3909
20293
3911
3915
20299
-3918
3919
20303
20305
3922
20307
-3925
3925
-3929
3928
20312
20314
36698
3933
-3935
3935
20319
3937
-3939
3939
20324
3941
-3946
20329
3947
20331
-3951
-3953
20336
3954
-20341
20341
-3961
20346
3964
36732
3967
20351
-3970
3969
3973
-3976
3975
20361
-3979
3978
20363
3983
-3985
-3988
3989
3993
-3995
20380
3997
20383
20386
-4006
4006
20391
4009
-4013
4013
20397
4015
-4017
-4019
4019
20403
-4023
20408
4026
4028
20412
36797
-4031
20414
4031
-4033
-4036
4035
20419
4037
4040
20424
-4042
4042
20427
-4046
4046
20432
4049
-4051
36819
4053
20437
4057
20441
4059
20443
-4061
20445
4063
4065
20449
20451
-4070
4069
20455
4072
20457
4074
4076
20463
4081
-4083
20467
20471
4089
20474
4091
-4094
4095
4097
20482
-4100
4100
20485
4102
20488
4105
-4108
20491
4108
20493
36877
4110
4112
-4114
20497
4114
4117
4122
20506
-4124
4124
20508
20510
4127
20513
-4131
4130
4132
20517
20520
4137
-4140
20524
4141
-4143
4144
-4146
20529
4149
20533
20537
-4155
4155
-4158
4158
20542
20544
36928
4161
4163
4167
20551
-4170
4169
-4172
20555
4173
20558
-4176
4176
20560
-4182
4181
36949
4183
20568
4185
-4187
20571
4190
-4192
-4194
4194
20578
-4196
4196
20580
4199
20583
-4203
4202
20588
-4206
4205
4207
20592
4212
20596
-4214
4216
20600
-4218
4218
36987
4221
20605
-4223
4223
20608
20611
-4231
4230
4232
4234
20618
4236
20620
-4238
20623
-4241
4240
4243
-4245
20629
4246
-4249
4248
-4253
4255
37024
-4258
4257
20641
4259
4261
4264
20648
4266
20651
-4269
4269
-4272
4271
4273
20657
-4276
4275
4277
-4280
4280
4282
20669
4286
4289
20673
-4291
4291
-4293
20677
-4296
20679
4297
20682
4299
20684
-4303
20686
-4305
4305
20690
4307
20692
-4310
20695
4313
20697
-4315
-4317
4317
20703
-4322
4321
4324
4328
20712
4330
-4333
20718
4335
-4337
4339
-4341
20725
4342
20729
4347
-4349
4349
-4353
4354
20738
-4356
37123
-4358
4357
20743
4362
20747
-4369
4368
20752
20756
-4375
4374
4378
20763
4380
20766
-4384
4384
20768
4386
4389
20773
-4392
4391
20776
-4395
4395
4397
-4400
4399
20783
-4405
4405
20789
4408
20793
4410
-4413
20797
-4417
4416
-4419
20803
4420
20805
4423
20808
-4426
4425
20810
4428
20813
4433
20817
4435
20819
4437
-4439
20822
4439
20825
-4444
4443
4446
20830
20832
4449
4452
20836
-4454
4454
4458
20842
4461
20846
4465
-4467
20850
4469
-4472
20855
4472
20858
4475
4477
-4482
4481
20866
-4485
4484
20868
4486
20871
4489
4491
20877
4494
4496
-4498
20881
4499
20885
4502
-4504
20887
4504
20890
20892
4511
4513
20897
4515
20900
4518
20902
-4521
4521
20905
4523
-4526
4525
20909
-4528
4527
4529
-4533
4532
20918
-4536
4535
20921
20923
4540
4543
20927
-4545
20929
-4547
4546
20933
4550
4553
20938
4555
20942
-4562
4562
20947
4564
4568
-4570
4571
-4573
4573
37342
20960
-20962
-4578
4577
20962
-4581
4581
4584
20968
-4587
4586
4588
20972
4590
37358
4592
-4594
20977
4594
-4597
20980
4597
-4602
4601
20985
4603
20989
4607
4611
20995
-4614
20998
4615
-4617
21004
4621
21006
4625
21010
-4630
4630
37399
21016
4633
-4635
4636
4640
-4642
4642
21026
37410
-4647
21030
4647
21032
4650
21034
-4653
21037
4654
21040
4658
-4662
4661
21045
-4665
21048
4665
-4668
4670
21055
4672
21057
-4675
4674
-4677
4678
21062
-4682
21066
-4687
4686
21070
4688
21072
-4691
21074
4691
-4693
4693
21079
4696
-4698
4698
-4700
21083
-4702
4701
21085
37469
4703
-4705
4705
21089
-4707
4708
21092
21094
-4713
4713
4715
21100
-4718
21102
-4720
4719
21104
4724
-4726
21112
-4730
4729
-21117
-4734
4733
21117
4735
37503
21121
4739
21124
-4744
21129
-4747
4746
21133
4750
21136
-4758
4757
21142
4759
21144
-4762
-4765
4764
21150
4767
21153
37537
4770
21155
4772
4775
-4780
21164
-4782
4782
4784
21170
-4788
4788
21175
4792
4795
21180
-4800
21183
4800
21185
4804
37572
-4807
4806
4808
21192
-4812
4811
4813
21198
4816
21201
4818
-4820
4821
21205
4823
21207
4825
21211
4828
21213
21216
4833
-4836
21219
4839
21223
4842
21226
-4845
4844
4846
-4848
21231
-4852
37619
4852
4854
21239
-4859
4858
4860
-4863
4862
21246
-4865
4864
21249
21253
-4871
4872
4874
-4877
21260
-4879
4878
4881
21266
4884
-4886
21269
4886
21273
4891
21275
21277
-4898
4897
21282
-4901
4901
4903
4905
21289
21292
4909
-4911
4912
-4914
21298
4916
4919
21303
-4922
4923
-4926
4925
-4928
21312
4929
4931
21316
4934
-4936
4937
4940
21325
-4943
4944
4947
21332
-4951
4950
21336
4953
-4956
-4958
21342
4959
-4961
21344
21348
4965
4967
-4969
21352
4969
4971
-4974
21357
4974
21360
-4978
4977
4979
-21365
4981
21366
21368
4987
21372
-4990
21374
4991
-4994
4993
-4996
21379
4997
21383
-5002
21385
5002
-5005
5006
21390
5008
21392
5010
-5013
5013
-5016
5015
5017
21401
21403
5021
-5023
5023
21407
5025
37793
5027
5029
5033
5036
21420
-5039
21422
5039
5041
5043
21427
-5048
5047
21432
-5051
5051
21438
5056
5058
21443
5060
21446
-5064
5063
-5068
5067
21451
5070
21457
5074
-5076
5076
21462
21464
5081
21468
5085
21472
5089
-5094
5093
21478
5095
-5099
21482
5100
21485
-5105
5104
5106
21490
-5108
5108
5110
21494
5113
5115
-5118
21502
5121
5123
21507
5126
21510
-5128
21512
5130
-21516
-5132
5132
21518
5135
-5139
5138
21523
-5141
5141
21526
21528
5146
-5148
21531
5148
21535
5153
-5156
5155
5157
21542
5161
-5164
21547
5165
21549
21551
-5170
5171
5175
21559
-5178
5177
5179
21563
5181
21565
-5183
21568
5185
5187
21572
5189
-5191
21574
5192
21577
5194
-5197
21580
5199
21583
-5203
5203
5206
21591
-5210
5209
5211
-5214
5214
21598
-5219
5218
21604
-5222
5222
21608
37992
-5226
5226
21610
21612
5229
-5232
21615
5233
5235
5237
21622
5239
-5241
21625
5242
-5245
5244
5247
21631
-5250
5249
5252
-5256
21639
5256
-5259
21642
5259
5261
21645
-5264
-5266
5265
21651
5268
-5272
5271
5273
5275
21659
5277
5279
21663
-5281
-5284
5283
21670
-5289
5288
-5294
5293
5295
38063
21680
5298
21683
5301
21688
5305
-5307
5307
21691
38076
21693
5310
21696
-5314
5315
5317
21701
-5320
5319
21705
21707
5325
21709
5327
21712
5329
-5332
5331
21716
5333
5336
21720
-5340
5340
21725
-5344
5343
21731
-5350
5349
21733
21735
38120
5354
5356
-5359
21743
5360
5367
-5371
5371
21755
5374
-5376
21759
5378
21762
5381
21765
-5384
5383
38151
21769
-5388
5387
21771
-5390
5389
5391
21775
-5394
5393
21777
5397
-5399
21782
21787
5404
-5408
21791
21793
5410
-5412
5412
5415
-5417
21800
38185
21803
21805
-5424
5424
21809
5427
21813
5430
21816
5433
21818
-5437
5436
-21822
21823
-5441
5441
5443
21827
5445
5447
-5449
5449
5451
-5453
21836
5453
21838
5455
5460
21844
-5462
21847
5464
5466
21850
-5469
5468
5472
21856
5474
-5476
21859
5476
-5479
5478
21862
5480
-5482
5483
21867
5488
5490
21875
5492
-5494
5494
21879
5496
21882
5499
-5501
5502
-5504
5504
-5507
21890
5507
21892
-5510
5509
38279
21896
5514
21898
5516
-5518
21901
5518
21904
5524
21908
5527
-5529
21913
5531
21915
-5534
5534
5537
-5539
5540
21924
5544
-5548
5547
21933
5550
21935
5553
-5555
-5557
5559
-5561
5561
21945
5563
-5565
5570
-5572
21955
5572
-5574
21957
5574
21960
5577
21963
5581
21966
21968
-5587
5587
21973
5592
21976
-5594
5595
21981
5599
5605
21990
5608
21993
5611
-5614
21997
5615
5618
-5620
5621
22005
5624
22009
-5627
38394
5628
22012
5631
5633
-5635
22018
5635
-5638
5640
-5644
5644
22029
5648
5652
22037
5654
22039
5659
22044
-5662
5663
5666
22051
5668
-5675
22058
5675
22060
5677
-5679
5679
22064
-5684
5683
22070
5687
5689
-5691
22074
5692
-5695
22078
5695
5697
22085
5703
-5707
5706
5712
22096
5714
-5717
5716
5718
22103
5720
22110
5727
22113
-5731
-5733
5732
5737
22121
22124
-5742
5741
5743
22128
5745
-5747
22131
5748
-5751
5751
5753
22137
5756
22141
-5759
5758
5762
22146
5764
22150
-5768
5767
5770
22154
5772
22156
5775
22159
5777
22161
-5779
5779
5782
22167
5784
22169
22171
-5790
5789
22174
5791
-5794
5793
5796
38564
5799
22183
-5801
5801
22187
5805
22189
5808
-5811
5811
5813
22197
-5815
5815
22202
5820
5822
22207
-5827
5826
22212
5829
22215
5832
22219
5836
5838
22224
-5843
5843
-5846
22230
5847
22233
5853
22238
-22241
22240
5857
22243
22245
5862
5864
22249
5866
-5868
22251
-5872
22255
5874
-5876
5876
22262
5880
22264
5883
22267
-5886
5885
22270
5887
22273
38657
-5891
5890
22276
5894
22278
5897
-22283
-5899
22282
-5901
5901
-5904
5904
22288
5907
-5909
5909
22293
5911
5914
22299
-5918
22302
-5921
5920
22307
5925
5927
5930
5932
22317
5935
-5938
5939
22325
22327
-5949
5948
5951
22335
22337
-5955
5954
-5960
5959
5962
22346
22349
-5968
5968
22352
5970
22358
5975
5978
22363
5981
22365
-5984
5983
22368
5987
22371
5990
22374
5992
22377
-5995
5996
22380
-5998
5998
22382
38766
-6001
6001
22388
-6006
6005
-6010
6011
22395
6013
-6015
6016
-6020
22403
-6022
6021
22406
-6025
6026
-6029
22413
-6031
6031
6033
-6035
22418
6037
6039
22423
-6042
6043
38813
6046
22432
-22434
6049
-6052
6052
6054
6057
22441
6059
22444
-6062
-6064
6063
22447
22450
6070
6072
22456
6076
22460
-6081
6080
22465
6082
22467
6084
6087
22471
22473
-6091
6090
6092
-6097
6096
6098
38866
22483
6100
-6103
6104
22488
6106
22490
6108
22497
6114
-6117
22500
6119
-6121
22504
22506
6124
6127
-6129
6130
-6134
6134
22519
6136
6139
22524
-6142
6143
22529
6150
-6152
6152
22537
6155
38925
-6159
6161
22545
6163
-6165
22548
6165
-6168
6167
6169
22555
-6173
6172
6174
22559
22563
6180
-6183
6182
22566
6185
6187
6189
22573
6192
22577
-6196
6196
6198
-6201
6202
6204
-6207
6208
22592
-6211
6210
22596
6213
6216
22600
6218
-6221
6220
22604
22606
6223
-6225
6225
6227
6229
-6231
22614
6231
6233
-6236
6235
22619
39004
22621
6238
-6240
22624
6242
-6244
6246
22630
6249
22634
6251
22636
6253
22640
-6260
6259
22643
6262
-6265
6265
6267
-6270
22653
6270
6272
22657
-6275
6276
22660
6278
6280
6283
22667
-6285
6287
-6290
6289
22673
6293
6295
6297
22681
-6299
6299
22683
6302
6305
22689
-6308
6307
6310
22695
-6314
6313
22697
6319
22704
-6322
6322
22706
6324
22710
6327
-6329
22714
6332
22716
-6335
6335
22719
-6338
6339
22723
6344
6346
22730
6348
22732
-6350
6350
-6352
6354
22738
-6357
6356
6358
22742
-6361
6362
39132
6365
-6367
6367
22751
-6370
6369
6371
6373
22757
22759
6376
-6378
22761
6379
6381
6383
22767
6385
-6389
22772
6389
6391
22775
6393
-6395
6397
-6401
6401
6403
6406
22791
6408
-6410
6412
-6415
6414
22798
6417
22801
6419
39187
-6421
22804
6422
-6425
22808
6426
-6429
6428
22813
6430
22815
6433
6437
22821
22824
6441
-6445
6444
22829
6446
6449
22833
6453
22837
-6456
6456
-6458
6458
22843
39229
6462
-6464
22847
22849
6466
6470
22857
6474
6476
-6480
6479
6481
6484
22869
6486
6488
6490
22874
22876
6493
22878
6496
6498
22882
6501
6503
22887
-6505
6505
6507
22891
6510
6512
6515
22900
-6520
6519
-6524
22907
6524
-6527
6526
22913
6531
22915
6533
22917
-6535
22921
6538
6540
22925
-6543
6543
22928
-6546
6546
-6548
6548
22932
-6554
6553
22938
6555
6559
22944
-6562
6561
22946
6564
6566
22950
6570
22954
-6574
22957
6574
6576
6579
22965
6582
-6584
22968
6586
22973
-6591
6590
22977
6594
6596
-6598
6598
-6603
6602
22986
6605
6607
22991
-6609
6610
6613
22997
22999
-6618
6617
23002
6619
6621
23006
6623
6626
23011
23013
6630
23015
6634
23018
-6637
6637
6639
-6643
6642
23028
6647
-6649
23033
6651
39419
6653
6655
23040
-6658
6659
6661
23045
6665
23049
-6668
6667
6670
-6672
23055
6674
6676
23062
6679
-6682
23066
-23070
6685
-6689
6688
23072
6691
-6693
6694
23079
6696
23081
-6699
6698
-6701
6700
23085
6702
23087
6707
6709
39477
23094
6712
6714
23099
6716
-6720
6720
-6724
6723
23108
6726
6728
23113
-6732
6731
23117
6734
-6736
6736
23121
6739
-6741
6741
23128
6746
-6748
6749
23134
6751
23136
6755
23139
6761
-6763
6763
23147
23150
-6768
6767
6769
-6774
6774
6777
23162
6779
23166
6784
6787
-6789
6789
6791
23175
6793
-6795
23178
6797
6801
23187
6804
-6807
23190
6810
-6812
6813
-6815
6815
23200
6819
23203
-6821
6821
39589
-6824
-6826
6825
-6828
6827
6830
23215
6833
6836
23221
6838
6840
6844
6849
6851
39619
-6854
6854
6857
6859
23243
6861
6863
23248
6866
23251
6870
-6872
6873
6875
-6878
6877
23261
6881
23265
-6884
6883
6885
23269
6887
23271
-6890
6890
-6892
23277
-6895
6894
6897
23282
6900
-6903
6902
23287
6905
23289
-6909
6908
6911
6913
6916
23301
6918
6920
23304
-6923
6922
6924
23309
-6929
6928
6930
-6932
6932
23316
6935
6937
-6939
23323
6941
6943
-6945
23328
6945
23331
6948
-6951
6950
6953
23337
-6956
6955
23340
23343
6960
-6963
6963
6965
-6968
6967
6969
23354
-6975
23358
6975
-6978
-6983
6983
23368
6985
6988
23372
-6991
6991
23376
6993
23380
6997
-7000
23383
7000
7002
7005
23390
-7008
7007
23392
-7012
7011
7013
23397
7015
-7017
7019
7024
-7027
7026
23410
23413
7030
7032
7034
7036
23421
7039
23423
23425
7043
23427
7046
23433
7050
23435
-7053
7054
23440
23443
-7061
7060
23447
7065
7068
23453
7071
-7074
7073
23457
-23460
7075
7078
-7081
7080
7082
23466
7084
7086
7089
-7092
7091
23475
-7094
7093
23478
7095
7097
23482
-7100
7099
23484
7101
-7104
-7107
7107
7110
7112
7114
23498
-7117
7117
23501
7121
-7124
23509
7127
7129
7132
23518
7136
7139
-7141
23524
7142
-7145
7144
7147
7149
23533
-7153
7152
23539
7156
-7161
23544
7161
-7164
7163
23548
7167
-7169
23552
7169
-7172
7171
23555
7173
7176
7178
-7180
7181
23565
7184
23568
7187
7189
-7191
-7193
7192
23577
-7196
7197
-7202
23585
7203
23588
-7207
7207
7209
23593
7211
-7213
7213
23598
7216
-7218
7220
7223
7225
23610
7227
7229
23613
7232
23617
7236
7239
23623
7241
7243
-7245
7246
-7250
7249
23634
7253
7255
23640
7257
40025
-7260
7260
7263
23647
-7266
7265
23650
7268
23652
23655
7273
7276
23661
7278
-7281
7280
23665
7282
-7285
7287
-7289
7289
7292
23678
-7297
7296
7298
23683
7300
7304
23688
-7306
7306
7308
7310
23694
7313
23697
-7316
7316
7318
7320
7322
-7324
7324
23708
7327
7330
23714
-7334
7334
23718
7336
23720
-7338
7338
23723
7340
23725
7343
-7346
23729
7346
7349
7351
23735
-7353
7353
7356
7359
-7362
7361
23745
7363
7365
23749
-7370
23753
7370
-7372
23756
7374
23759
7377
-7379
7379
7382
23767
7385
-7387
7388
7391
23777
7396
23780
-7398
7399
23784
7402
23786
7404
7406
23790
-7408
7408
7410
7412
23796
7414
7416
-7419
23803
7420
40189
7422
23807
7424
23809
23811
7428
7431
23815
7435
7437
-7440
7439
7441
23825
23827
-7446
7445
7447
23833
7451
7454
23839
-7458
7458
-7461
23846
7463
7467
23852
7469
-7472
7471
23858
7475
7477
-7479
7480
23865
7482
7484
7488
23873
-23875
7491
23876
7493
-7495
7495
23879
7497
23882
-7502
7501
23886
7503
7505
-7509
7508
23894
7512
7514
23899
40286
7519
23903
-7521
23905
7523
23908
7527
-7530
7531
23915
-7534
7534
23920
7539
-7541
7542
-7544
7546
7548
-7550
23935
7552
-7555
23940
7557
23942
7564
23948
7566
7569
-7571
7571
23956
-7578
7579
-7581
23965
7582
7585
-7587
7587
23973
7591
23977
7594
-7596
23980
7598
23984
7601
23986
7603
7605
23990
-7608
7607
7609
23993
7611
23995
-7614
7613
7616
7619
24004
7621
-7623
7624
24008
7626
7628
7632
24016
24019
7636
-7642
24027
7644
-7648
7647
7650
7652
24036
-7655
7655
7657
7659
7662
7664
24050
7667
-7669
7670
7672
-7674
24057
7674
7676
7678
24063
-7681
7683
24067
-7686
-7688
7687
40455
-7691
7692
24077
7694
7696
24080
7699
-7701
24085
7702
7705
24092
7710
-7715
7715
24099
7718
24105
7725
24109
-7728
7728
24114
-7733
7732
7734
24119
7736
7738
7740
-7743
7744
7748
7750
7754
-7756
24141
7760
7763
24147
-7765
7765
7770
24154
7773
7775
7777
24162
-7780
7779
7781
24166
7784
24168
7786
-7789
7788
24174
7795
-7798
24181
7801
7803
7805
-7808
24191
7808
7811
24196
7813
7816
24200
7818
7820
7822
7824
24209
-7827
24211
-7829
7828
7830
-7833
7835
7839
24224
-7842
7841
7843
24227
7845
7847
24233
-7851
7850
7853
24237
40622
-7856
7856
-7858
7858
7860
7862
7865
7867
-7870
7871
24256
7874
7876
24262
-7880
7879
7881
24265
7884
-7887
7888
7890
7893
24277
-7895
7896
-7899
7899
7901
7903
24289
7907
7909
24293
-7911
7914
-7916
24299
7916
7919
24303
7921
24305
24310
7927
7930
7932
24317
7935
7937
24322
-7942
24325
40711
7945
24329
-7948
7947
7952
24337
24339
-7957
7956
7958
7960
24345
24348
7965
-7967
7968
24353
7972
24356
7977
-7979
7982
-7986
7985
24370
7988
7990
24374
7993
-7996
7995
24380
-7999
7998
24382
8000
24384
8002
-8004
8005
24391
-8009
8009
24394
8011
8014
-8016
8017
24401
8019
-8022
8023
24407
8025
8028
40799
24416
8034
8036
8038
8041
24425
-8044
8044
8046
-8048
24431
8048
24435
8052
-8055
8054
8057
24443
8061
24448
8065
-8067
8070
24454
8072
24459
8076
24462
-8081
8081
8085
-8087
24470
8087
8090
8093
24479
8096
8098
24482
-8100
8100
24487
8104
8108
24492
-8112
8111
8113
8115
8117
24501
8119
8121
-8123
-8127
8126
24510
8129
8132
-8135
8135
24520
8137
-8139
8140
8142
8144
8148
8150
-8154
8154
24538
8157
-8161
8160
8162
24546
8165
24549
8167
8169
8174
-8176
8177
8179
8181
24565
24567
8184
-8186
8186
24571
8191
8193
24577
24579
8196
8198
8200
8202
8204
8207
24592
8209
-8212
8211
8213
8217
40985
8219
24604
8222
24608
8226
24612
-8231
8230
8232
8234
8236
8238
8243
24628
-8246
8245
8247
24631
8249
41020
8253
24637
-8255
8255
24639
8258
8260
-8263
8262
-8265
8264
24650
8267
8269
8271
-8275
8276
24660
8278
8283
24667
8286
24670
24672
8289
-8293
8295
24679
24681
8301
-8305
8304
24689
8306
8308
-24694
-8311
8310
24694
24697
8314
-8316
24699
8318
8320
8322
-8324
8324
8326
24711
8328
8330
24714
8334
8336
-8339
24722
8340
-8342
8343
8347
24731
8349
-8351
24734
8351
24737
8354
8356
24740
8361
24747
8366
-8369
8369
8373
8376
8378
8380
-8384
24767
8384
8386
24771
8389
24775
-8394
8393
24779
8396
8398
8400
8403
24787
-8405
8405
8407
24791
-8410
24793
8410
8412
8414
-8418
8418
24803
-8423
8423
8425
24809
8427
24813
8430
8433
24817
8435
8440
8442
-8445
24828
8445
24830
8447
8449
8451
8453
24837
8455
24839
8457
-8460
24843
8461
24845
8463
8465
24849
8467
24851
8469
8473
-8476
8477
24862
8479
-8483
8482
24868
8485
8487
24873
-8491
8490
24875
24877
8496
8498
-8500
8501
24886
41270
8504
8506
24891
8511
24896
8513
-8517
8517
24903
8521
24906
8526
8528
8531
8533
24918
8536
8538
8540
24925
8542
8545
8547
24931
-8550
8549
8551
24935
8555
24939
-8557
8558
8561
24945
8564
-8567
24951
8568
24954
8572
8574
8577
-8581
8581
24969
8586
8588
24976
8593
8596
-8598
8598
8601
-8603
8603
24987
8606
24990
8608
8611
-8614
8614
24998
8618
8621
8624
-8626
8626
8630
25014
-8634
8633
8635
8639
25023
8642
25027
8645
25031
8648
25034
-8652
8651
8653
8656
8658
25044
25046
8663
8665
25050
8668
8672
8674
25059
8677
25062
-8681
8680
25068
8686
25071
-8690
8690
-8693
25076
8693
8696
-8701
25084
8701
8703
25088
-8706
8708
25092
-8712
8711
8713
8717
25102
8720
-8723
25106
8723
8725
25110
8730
-8733
25116
8733
-8736
8737
25121
8740
8743
8747
25131
25133
8750
8755
25140
8759
25143
-8762
8761
8763
-8765
8766
25150
-8769
8770
25154
8773
8775
8778
8780
8782
-8784
8784
-8788
8787
25171
8790
25174
8792
8794
8797
8799
8801
8803
25189
8806
25191
-8809
8809
25195
8812
25197
8814
25200
8818
-8821
8822
8824
25211
8828
8830
8832
25217
8834
8837
25222
-8841
8840
8844
25228
8847
8850
25237
8854
-8856
8857
8860
25244
-8862
-8864
8864
25252
8869
8871
8875
-8877
8877
25263
8880
8882
-8884
8885
-25271
25272
8890
-8892
25275
8893
8896
8899
25284
8901
8905
25292
8909
-8914
8913
8916
25302
8919
8922
-8925
8924
-8927
8926
8931
25317
8934
25319
8937
25323
8940
8943
-8945
25328
8946
8948
8950
8952
-8955
8954
25338
8956
25344
8962
8966
25354
8971
-8973
25356
41740
8973
8976
8979
25365
8983
8985
8987
25372
8990
8994
8996
25382
9002
-9005
25388
9006
9008
9010
9012
-9015
9014
25398
9017
25402
9019
9021
25405
9023
9025
-9027
25410
9027
25412
9030
25417
9035
25419
9037
-9039
9040
25425
9042
9044
25428
9047
9050
-9054
9054
9056
25441
9058
-9060
9060
9063
25449
-9068
9067
9071
9073
25458
9075
25463
9083
25468
9085
-9087
9087
9090
-9092
9093
9095
9097
9100
25484
9102
-9104
9104
25489
-9108
9111
25496
-9114
9116
9121
9123
-9125
9126
25510
-9129
9128
9130
25516
9137
9139
9141
25525
-9145
9145
-9148
9148
9150
-9152
25535
-9155
9154
25540
9157
25542
9162
-9164
9164
-9169
9169
9172
25557
9175
9177
-9179
25562
9179
9181
-9185
9184
25568
9190
25575
9192
-9195
9195
9197
25581
9199
9201
9203
25589
9207
9209
9211
-9214
9216
9218
-9221
9220
25604
41988
9224
-9229
9228
9230
-9234
25617
9234
9238
9241
25626
9243
9246
9252
25639
9256
9259
9262
25648
9265
-9267
-9270
9270
25654
9273
25657
-9275
9275
25660
9279
9281
25666
9285
9287
25672
9289
9291
9294
9297
25682
-9301
9301
25686
9303
9308
25693
9312
9314
25700
-9318
9318
25706
9323
9325
9330
25715
9332
-9336
9335
9338
9341
9343
25727
9345
-9348
9347
25732
9350
9352
25737
9355
25740
9357
9359
-9362
9361
9363
25747
9365
9368
25752
9370
9374
9378
-9382
9384
9387
25772
-9390
9390
9393
9395
25779
9400
9403
9407
25794
9412
-9414
9414
9416
-9419
9418
9420
9423
25807
9425
9429
25813
9431
9436
25820
9438
9441
-9443
9443
25827
9446
9448
9451
25835
9454
9459
-9462
9463
25847
9466
25850
-9471
9470
9473
9475
9479
25864
9481
9483
9487
25871
9490
9493
9496
25880
9499
9501
-9505
9504
25888
9506
9508
25892
9511
25898
-9517
9516
9519
9521
25905
9523
9525
25910
9527
9529
9531
9533
25918
9536
-9541
9540
9542
9545
25929
9548
9550
25935
-9554
9554
25938
9556
9559
9562
25947
9564
-9567
9566
25955
9573
9575
9578
25963
-9582
9581
9584
25968
-9587
9589
25975
9592
9595
9597
25982
9600
-9603
25987
9605
-9609
9608
25993
9615
25999
9617
9620
-9623
9623
26008
9625
26012
9629
9633
26017
-9635
9636
42404
9638
9641
26026
9643
26028
9645
9647
26032
9649
-9651
9651
9653
9655
26041
9658
26043
9661
-9665
9665
9670
-9672
9674
9677
9679
9681
26065
9683
9686
9688
9690
26075
9693
9695
-9698
9697
9699
9701
9703
-9706
9705
9707
-9711
9712
26096
9715
9717
26101
9719
-9721
9721
9723
26107
9725
-9729
9728
9731
9733
9735
9737
26121
-9740
26123
9741
9745
26129
9747
-9750
9751
9756
9758
9760
26145
9762
9764
26148
9767
9770
9772
-9776
9775
26159
9777
26162
9779
9781
-9783
9783
26170
9787
9789
9791
26175
9794
-9797
9796
26181
9799
26183
9801
9803
9805
26191
9808
9810
-9813
9812
26196
9816
9819
26203
-9822
9821
9824
9826
9828
26212
9831
26216
9834
9838
9840
26225
9842
-9845
9844
9846
9848
26232
9850
9852
9854
26239
9858
26246
9864
9866
9868
9870
9874
26260
9877
26262
-9880
9879
9881
-9884
9883
26267
9886
9888
26273
9890
9892
-9895
9894
9896
26281
9898
9901
9904
26288
9909
26295
9912
9914
26298
9918
26302
9923
26307
-9926
9926
-9928
9928
9930
26316
9933
9936
9938
26322
9941
-9944
9943
26328
9946
-9949
9950
9952
26336
9955
9960
9964
26349
9966
9968
9970
-9974
9975
9977
9979
26363
9981
9983
9986
26370
9988
9990
26374
9994
9997
10003
10005
-10007
26390
10007
10011
26396
42781
10014
10016
10018
-10020
10020
10023
10026
26410
-10030
10029
10033
26417
10036
10038
10042
26427
10044
10046
26431
10050
-10055
10055
26440
10059
-10063
10063
10065
10067
26452
10070
10072
10074
10076
10078
10080
26464
10082
10084
26471
10088
-10091
10090
10093
10096
10099
-10105
10106
26490
26492
10111
10113
10115
10119
26503
10121
10123
10125
10128
26515
10132
10138
-10140
10140
10142
-10144
26527
10145
-10148
10147
26532
10150
10152
26538
26542
10159
-10161
10164
10166
10168
26552
-10171
10170
10172
26556
10174
10178
-10180
10182
10185
26569
-10187
10188
10191
10193
26578
10196
26580
10199
26585
10202
-10205
10204
10206
10208
10210
10212
10216
10218
26602
10221
26606
-10224
10223
10225
26612
10230
10232
26616
10235
10237
10239
26623
-10241
26625
10243
10245
26631
10248
10250
10252
26637
-10255
10255
10257
10259
10262
26646
10264
10267
10269
26654
-10272
10271
10273
10280
10283
26667
-10285
10285
-10287
26670
10288
10294
10296
10298
10301
10303
26688
10305
-10308
10307
10309
26694
10316
10318
10320
-10323
10324
10327
26712
-10330
10329
10331
10333
26719
10336
10338
10342
-10346
10345
26730
26732
10349
26734
10352
10354
26739
10356
26743
10360
10362
-10364
10366
10368
-10371
10370
26755
10373
10376
10379
10381
10383
10386
10389
10391
26776
10394
26780
10398
26785
10404
-10406
10406
10408
-10414
10413
26798
10415
-10417
10417
26802
10419
10423
10426
26810
10429
10431
10433
26817
10436
10440
10442
43211
-10445
10444
10448
26832
-10450
10450
10455
26839
-10458
10457
26842
10461
10464
10466
26850
10469
10471
10474
26858
10477
26861
10479
10481
10483
-10485
10485
10487
26872
10489
-10491
10491
26876
-10494
10494
10498
10500
10503
26888
10506
10509
10511
-10513
10513
10515
26899
26902
10520
26905
10525
10528
10531
26916
10534
10537
10540
-10545
10545
10547
10550
26935
10552
-10555
10554
10556
10558
10561
10563
10566
10570
-10572
26955
10573
10576
26961
10579
10581
26965
-10584
10583
10585
10588
26972
10590
10594
26978
10596
10599
10601
10606
10609
-10611
26995
10612
43381
10614
10616
27000
10619
-10622
10623
27008
10625
10627
27011
10630
-10633
10632
10636
27021
10639
10642
27027
-10647
10647
10650
27034
10652
10655
10660
-10662
10662
27046
10666
-10668
27052
10669
10671
10673
10679
27065
10683
10685
10687
27073
10690
10695
10697
27081
-10700
10699
10701
10704
27088
10710
10713
27097
10715
-10717
10717
10719
10724
10726
27111
-10730
10729
10731
10733
-10735
27120
10738
10740
27126
10743
10745
10747
-10749
10750
27134
10753
-10757
10756
10758
27143
10760
10764
10767
-10772
10771
10774
10776
27160
10779
10783
10785
10787
10790
10792
-10795
27180
10797
43565
10800
10803
27188
10807
27192
-10813
10812
10818
27205
10822
10826
10828
27213
10831
10833
10836
-10838
27223
10840
10842
10844
10846
10852
-10855
10855
27240
10857
27242
10859
10861
-10864
10864
10866
27252
27254
10873
10876
10878
10880
27265
-10884
10883
27271
10889
10894
-10896
10896
-10899
10898
10901
27286
10903
10906
27292
10910
27297
10914
10918
10923
10925
27309
10928
27312
-10931
10930
10932
27317
10934
10936
10938
10941
10944
27329
10947
27332
10951
10957
10959
27343
10962
10964
10967
-10970
10969
10972
10974
10977
27363
10980
10983
27367
10985
-10987
10987
27372
10991
27375
-10993
10995
10997
11001
11003
11005
11011
11013
-11015
27398
11016
11019
-11021
27407
11027
27411
11030
11034
11037
27421
11039
27425
11046
-11049
11048
11050
27436
11054
11057
27441
11059
11061
-11064
27447
11067
11071
27455
11075
-11080
11079
11081
11083
27467
11085
11087
11089
11093
-11096
-11099
11100
11103
11105
27489
11108
-11110
11110
11112
-11115
11115
11119
27504
11121
11123
11125
27510
11128
11130
11133
11135
27521
11140
11142
11145
-11150
11149
27534
11153
27537
11156
11158
11160
-11162
-11164
11165
27552
11169
11172
43943
11177
27562
-11181
11181
11183
-11186
11185
11187
27572
11189
11191
11194
27578
11196
-11198
11199
27585
11202
11205
11207
11209
11211
11213
11215
11217
11220
11223
11225
-11227
11227
27612
11229
11231
-11236
11236
11238
11240
27625
11243
11246
11249
-11252
27636
11255
11257
11259
11261
27648
11266
11271
11273
11275
11277
-11279
11282
27666
11284
11286
11289
27675
11293
11296
27681
11300
27684
11304
27690
11307
-11312
11315
11318
11320
11323
27707
11326
11329
-11331
27714
11332
11334
27719
11338
11342
-11346
11345
27730
11349
11351
27739
11357
27743
11361
11363
11365
11367
27751
-11369
-27755
11370
27755
11372
11374
27758
11376
11378
11380
11382
27767
11384
11387
11389
27774
11391
11393
-11396
11395
11397
11401
27787
11404
11406
11408
-11413
11412
27799
11419
11425
27810
11427
11429
-11435
11435
11439
27825
11443
11445
27830
11447
11451
11455
27839
11458
27842
11462
27848
11465
11467
27855
11473
11475
11477
11480
11482
27868
11485
11488
11490
27875
11493
11496
11499
11502
27888
11506
-11509
11508
11511
11515
11519
11521
11523
27908
11526
11528
11530
27915
11532
11535
27919
44303
11538
11540
11542
11546
11550
11552
27936
11554
11556
11561
27948
11565
11567
11570
11572
27957
11575
11579
-11584
11583
27969
11587
11592
11595
11597
11599
27983
27987
11606
-11609
11611
27996
11614
11616
11619
11621
28005
11623
-11626
11625
11628
11631
11633
28018
11637
11639
11641
11646
11648
-11650
11651
11653
28037
11655
11658
11660
11663
11666
11668
11670
11672
28056
28059
11676
11680
11686
-11690
11690
28074
11692
11694
11699
11702
28086
-11705
11706
28091
28093
-11711
11710
11714
11722
11725
11729
11731
28116
11733
-11735
28118
11737
28122
11739
11742
11744
28130
11747
11750
28135
11752
-11754
11755
11757
11763
11766
28150
11770
11772
11774
11777
-11779
28162
11780
11783
11785
-11788
11787
11789
11793
-11796
11796
28180
11799
11801
11803
11805
11807
-11812
11813
28198
11815
11818
-11823
11822
28206
11825
11828
11830
28215
-11833
11832
11836
11838
11841
11844
11846
28233
11850
-11852
11853
11855
11858
28242
11861
11863
11865
11868
-11870
28255
11872
11874
11877
28262
11880
-11882
11882
28266
11884
11887
11891
11895
11898
11903
28288
11907
28291
-11910
11909
11911
-11916
11916
28300
11919
11922
11925
28309
11931
11933
11935
11937
28322
11939
11941
28325
11943
11946
-11949
11948
11951
11953
11955
28340
11958
-11961
11961
11963
28347
11966
11969
11971
11974
28358
28361
11978
11981
11983
-11986
11988
11994
11996
-11999
12000
12002
12005
28391
12008
-12011
28394
12012
12018
28403
12020
12023
28410
12028
-12031
12031
28415
12033
12036
12039
28423
-12041
12042
12044
12047
-12049
12052
12054
28438
12058
12060
-12062
12062
28448
12066
12069
-12072
12071
12073
12077
12081
12084
12086
28470
12090
-12093
12095
12098
12100
28485
12103
12105
12108
28492
12113
12115
12117
28503
12120
-12123
12122
28506
12125
-12128
12127
28511
12130
12133
12135
-12142
12141
28526
12144
12148
28534
12151
12153
12157
12160
12162
12165
28549
12167
28552
12170
12173
12178
28566
12183
12185
-12189
12189
28573
28576
12194
12196
12198
12200
-12202
12204
12206
12208
-12210
12210
12215
28599
12217
12219
12221
28608
12226
12228
12230
28614
-12232
12232
12234
12236
12238
12240
28624
12244
28630
-28632
12249
-12253
12254
12257
28643
12262
-12265
12265
12268
12270
12273
12275
28660
12277
12279
12281
28668
12288
12292
-12294
12296
28680
12298
12300
12302
12304
28688
12308
12310
12312
12316
12319
12322
12325
28710
12329
12332
-12334
12334
28719
12336
12338
12341
12344
28728
12346
12353
12357
12362
12367
12369
28755
12374
12379
45148
28765
12382
-12384
12385
12388
-12392
12392
12395
28781
12398
12402
12405
12407
12409
28793
12414
12416
28801
12419
12421
28805
12424
12426
28813
12431
12433
28819
12437
12440
12443
12445
28832
-12450
12449
12453
12456
12458
28842
12460
28846
12463
12467
28853
12471
12477
12480
12483
12485
28869
12487
-12491
12490
28874
12496
12499
28884
12503
12505
12508
12510
-12513
12512
12516
28901
12519
12521
12526
12529
28913
12531
28916
12534
-12538
12537
12539
28923
12542
12545
12548
28932
12551
12556
12558
28944
12561
-12563
12563
28947
12565
12567
28951
12570
12573
12577
28964
12581
12584
28968
12586
28972
12589
12591
28977
12594
-12597
12597
12599
12601
12605
12608
28993
-12611
12613
12615
12618
12620
12622
12624
-12626
12626
12628
12630
12632
29016
12634
12638
12640
12643
29029
12646
-12649
29035
12652
12655
29040
-12658
12657
12659
29044
-12663
12662
12665
12667
12669
29054
12673
29058
12675
12678
12681
12686
29072
12690
12692
12694
12697
29082
12699
12701
12703
12706
29092
-12711
12710
12715
12717
-12719
12720
12726
12728
-12731
12732
29117
12734
12736
12738
12742
12744
12746
29130
12749
12751
29136
12753
-12756
12755
12757
12759
12763
12768
12770
12772
-12775
12775
12777
29162
12779
12782
12784
12786
29171
12789
12792
12794
12798
12800
29184
12802
12806
12808
29193
12811
-12813
12813
12817
29201
12819
12821
12823
12827
29212
12830
12834
12837
29223
12840
12844
12849
12852
12854
12858
29243
-12861
12860
12862
12866
12868
29254
12871
12876
12880
29264
12886
12888
12892
12896
29280
12898
12902
12905
29292
12909
12911
12915
29302
-12922
12921
12923
12931
29315
12933
12937
-12940
12941
12943
12946
29332
12952
12954
12957
12959
29345
12962
12966
12968
12970
12972
12978
12981
29367
12985
-12988
12987
29373
12990
12992
29378
29382
12999
-13001
13002
13005
-13009
29393
13010
13012
13018
13020
-13025
13024
13029
13031
13033
29417
13035
13037
29422
13039
29425
13042
29427
13045
29430
13051
-13054
13053
13055
13058
13060
-13062
13062
29446
13065
29451
13068
13070
13072
13075
13079
13082
13086
13088
29477
-13095
13094
13097
13100
29485
29487
13104
13108
-13111
13110
13112
29497
13114
13116
13118
13122
-13127
13130
-13135
13134
13137
-13139
29522
13139
13141
13146
13151
13153
13155
29540
13157
29543
13162
13165
13167
-13170
13171
13173
13176
13178
13180
13186
29570
13189
29574
13191
13193
13195
13199
13201
13203
29588
13206
13208
-13210
13212
29598
-13216
13215
13219
29604
13224
29610
13228
13231
13237
13239
13241
-13244
13243
29627
13247
13250
13252
13254
-13256
13256
13258
29645
13263
29647
13265
13268
29653
13271
13274
13276
13281
13283
29669
13286
13290
29675
13292
13294
-13296
13296
29681
13299
29684
13302
13304
13307
13309
13311
13314
13316
13319
29703
13322
13324
13330
29715
13332
13334
13338
13340
13342
13344
13346
13352
29738
13355
13358
13360
-13363
13364
13370
13373
29758
-13380
13380
29765
13382
13386
13389
13391
29776
13394
13396
29780
13399
13403
-13406
13410
13413
13416
13419
13421
13423
29809
13427
13430
13432
13434
13438
13440
13443
13445
13448
29833
-13452
13454
29838
13457
13460
13463
13465
13469
13471
13474
-13476
29861
13478
13480
-13483
13483
13486
13488
13491
13494
13496
29883
13501
13504
13506
-13508
13508
29894
13511
13515
13519
29905
13522
13524
29909
13527
29913
13530
13532
13534
13536
13538
13540
13545
13548
13551
29935
13553
13557
13559
29944
13562
-13565
13564
13569
13571
13574
13581
29965
13584
13587
13589
29975
13592
13595
13599
13601
13603
29988
-13606
13606
13608
13611
13613
13615
13617
13620
13622
30006
13626
13628
30012
13631
30017
13634
13636
13639
30024
13641
13645
13647
13649
13651
30035
13653
13656
13659
13661
13663
13665
13667
13669
30053
13672
13676
30063
13680
-13682
13685
13688
-13690
13691
13695
13700
13702
30086
13704
13707
13709
13713
30098
13716
30101
13718
13721
13723
13727
-13732
13732
13734
13736
30123
13740
13744
13746
13749
13751
13753
13755
30139
-13764
13763
13765
13769
13774
30158
13776
13778
13782
13784
13786
13790
13792
13797
13799
13801
13808
-13810
13810
13813
13815
30199
13818
13820
13822
13828
13833
13836
13838
13840
13844
13846
13850
13853
13860
13864
13867
30253
13871
13875
13877
13880
30264
13882
13884
30268
13886
13888
30273
13891
-13895
13895
13898
13900
30286
13903
13905
13909
13911
30296
-13915
13914
13917
30302
13922
13924
13932
13934
30318
13936
13939
30323
13942
13944
13947
13949
13951
13953
13958
13960
30345
13963
13966
13968
13971
30357
13974
13977
-13979
13979
13983
30367
13986
13988
13990
13993
13996
-13999
13998
30382
14000
14002
14004
14007
14010
14014
14016
14018
30405
14022
14025
14027
14029
-14031
14031
30417
14034
14036
14039
14041
14045
14047
14050
14052
30438
14058
14060
30444
14062
14064
14067
30451
14069
14072
30456
14074
14077
14079
14081
30465
14083
14085
14088
14090
30474
14092
30477
14094
14096
14098
30482
14102
14104
14107
14110
14112
-14116
14115
14117
30501
14122
14124
30509
14126
-14128
14129
14131
14133
30517
14136
14139
14143
14145
14147
14149
30537
14154
14156
14158
14163
14165
14169
30555
14172
-14174
14175
14177
14180
14182
14184
14187
30572
14189
14192
30579
14196
14198
14200
14204
14207
14209
14211
30596
-14215
14217
30601
14220
30604
-14222
14222
14227
14229
30614
14231
30616
14233
14236
14238
14243
14245
30630
14248
14251
14254
30638
14259
14263
30647
14265
14268
14272
14276
-14278
14282
14284
14286
14289
14291
-14295
14294
14296
30681
14298
14302
14304
14306
14309
14311
30695
14315
14317
30703
14320
14323
14327
30711
14329
14337
30723
14340
14343
30727
14349
14354
30738
14357
14360
14362
14364
30750
14367
14369
14371
14373
14375
14377
14379
14381
-14385
14385
14388
30772
14391
14394
14399
14406
14408
14415
30801
14418
14420
14423
14425
14431
30815
14435
14437
30821
14439
14442
14444
14446
14449
14451
-14454
14453
14456
14458
14460
14462
14465
14467
14469
14472
30856
14474
30858
14477
14483
14485
14490
14494
14496
14498
14502
14504
30892
-14512
14511
14513
14516
14520
14522
14525
14528
14530
14532
30917
14534
14538
14540
14544
14546
14549
14551
30936
14553
14555
14559
14563
14567
14572
14575
14578
14582
-14585
14584
14586
14590
30974
14595
14600
14603
14605
14610
30994
-14612
14615
14618
14620
14622
31007
14626
14628
14630
14632
-14637
14637
14641
14645
14648
14650
14653
14655
14660
14662
31048
14666
14668
-14670
14671
14676
14678
14683
14685
14687
31073
14690
14693
14695
14698
-14701
14700
14702
31088
14705
14712
-14715
14716
14718
14722
14725
14728
14733
31117
14736
14740
14743
14747
14749
14751
14754
14756
14759
31144
14761
14764
-14766
14767
14769
14772
-14776
14775
14778
14781
14785
14788
14792
31176
14794
14798
14802
14805
14808
14811
14815
14817
31203
14821
14823
31208
14825
14828
31213
14833
14835
14839
14841
14843
14845
-14847
14847
31231
14850
14852
14855
14862
-14865
14865
31249
14869
14874
14876
31260
14880
14884
14888
-14891
14894
14896
14899
14901
31285
14904
14909
14912
14914
-14919
14919
14923
31307
14926
14930
14932
14934
31320
14937
14942
31328
14945
14949
14952
31338
14956
14959
14961
31346
14963
14965
14968
14973
-14976
14975
-14979
14978
14981
14983
14992
31376
14998
31385
15003
-15009
15008
15010
15014
15023
15027
15032
15035
15037
31422
15040
15043
15045
31429
15048
-15054
15054
15058
31443
15060
15063
15065
15069
15071
15074
15078
15081
15083
15086
15088
31473
15092
15094
15096
15099
15102
-15105
15105
15110
15112
15115
15117
15119
31505
15122
15125
15128
15131
15134
15136
31520
15141
15144
15147
15149
-15151
15154
15156
15158
15162
-15166
15166
15168
15170
31554
15172
15174
31560
15178
15181
15184
15188
15191
31576
15195
15197
15199
31587
15204
15206
15209
15212
15214
15217
31604
15224
15227
15230
15233
15235
15238
15242
-15246
15245
15252
15254
31638
15256
15260
15262
15266
15268
15270
15273
15275
15278
15280
15282
31668
15286
15289
15295
15297
31681
31684
15302
15305
15307
15311
15315
15317
15319
15322
15325
15327
15332
15334
15340
15342
15344
31728
31732
15349
15356
15358
15360
15364
15367
31752
15369
15376
31763
15380
-15384
15384
31769
15387
15390
15392
15395
15397
15401
31787
15405
15407
15409
15411
15414
-15417
15416
15421
15424
15427
31814
15431
15437
15442
-15444
15445
15449
15454
31840
15457
15459
15461
15463
15465
15471
15473
15476
15479
15482
15484
15486
15488
15492
-15494
31877
15494
15497
31882
15502
15506
15509
15514
15516
15519
15521
31906
15524
15527
15529
15531
-15533
15533
31917
15535
15538
15541
15546
15548
-15551
15550
15553
31937
15558
15561
15564
15569
31956
15575
31960
15577
15580
15583
15585
15587
15592
31976
15596
15600
15603
15605
15607
15612
15615
15617
15620
15626
15628
15631
-15633
15634
15636
15640
-15642
15644
15647
15650
15653
32038
15655
15657
15660
15663
32047
15665
15667
15670
15675
15680
15682
15684
15686
15690
32075
15694
15696
15698
15701
15706
15709
15711
15714
15717
15719
15723
32108
-15728
15728
15730
15732
15735
15737
15740
15744
15747
15751
15753
15757
15759
15761
-15763
15765
15767
15770
15775
15780
15785
15787
32173
15791
15799
15802
15804
15807
15810
-15812
32197
15816
15818
15820
15822
15827
15830
15836
15838
-15844
15843
15846
15849
15851
15856
32242
15859
-15861
15862
15867
15870
15872
15875
-15878
32265
15882
15886
15888
15891
32275
15894
15898
15901
32286
15907
15911
15917
32303
15920
15922
15924
15926
15929
32315
15932
15936
15938
15941
48710
15944
15948
32336
15953
-15960
15959
15963
15967
15970
15974
15976
15981
15984
32372
15989
15991
15993
32380
15997
15999
32386
16003
16006
16008
16011
16016
16020
16022
32407
-16026
16025
16028
16030
16032
16034
16036
16040
16042
32426
32428
16047
16049
16051
16053
16056
16060
16062
32449
16067
16071
16074
-16080
16079
32463
16082
16086
16088
16091
32479
16098
16102
16104
16107
32493
16111
16115
16117
32502
16119
16121
16124
16127
32512
16129
16132
16134
16136
16140
-16143
16144
16146
16151
16154
32540
16157
16159
16162
16165
16168
16172
16174
16178
16180
16182
16184
-16186
16188
16191
16193
16195
16201
16203
16207
16209
16212
16215
-16218
16219
16221
16225
16227
16229
16232
16234
16239
32624
16242
16247
-16253
16254
32640
16259
16262
16267
16269
32653
16271
16275
16278
16282
-16286
16287
16290
-16293
16292
16295
16298
16301
16303
16309
16311
16313
16317
16322
16324
16326
32711
16328
-16331
16332
16342
16344
16346
32731
16349
16351
16353
16356
16362
32746
16364
16366
16369
16371
16376
16378
